Numero di nodi influenzati: 2931
59
13275
147
11624
335
7201
3442
402
22299
199
468
17395
22244
3262
6995
17143
985
5901
1372
1015
3080
13923
6752
14395
6180
702
5570
12638
20290
9993
12725
20980
7430
638
322
442
5581
6698
3680
1243
6514
11444
11600
13060
727
6204
1162
4364
22438
13838
17269
17608
20510
12749
2067
20533
865
3270
17128
3329
1074
3592
4949
20099
1211
1005
4095
1164
872
3184
7740
7140
6148
6541
20554
3670
6285
3454
3570
5349
12597
3399
20622
10847
3724
318
13176
718
509
12029
17088
5040
3240
20327
3542
6166
1207
6798
21244
21217
4954
3559
3325
118
3601
6019
11418
9535
793
6396
7682
692
6052
7743
5395
6095
1587
21023
597
4963
216
22353
1102
3582
4593
5626
5968
6184
6102
7192
17386
12381
13173
21282
5500
22403
19688
6999
433
881
20679
20073
10633
12317
21015
6654
19774
3918
954
10605
14260
3289
17235
850
20505
21011
927
3158
20128
215
17517
799
9287
1520
6543
17360
17446
19874
7142
401
4142
12650
6510
10567
1650
6782
21186
7399
11105
11336
3720
5652
20131
588
7735
1518
935
6303
4183
20989
5352
3074
3291
3965
4348
6651
12736
10129
12540
616
1312
6179
6551
7133
7404
1685
12681
1422
683
12332
12432
19951
21165
1231
22887
431
6198
17570
20212
941
10946
17406
21119
684
3710
9724
12833
17672
3414
7197
21107
16511
3622
20879
10742
12757
17134
1175
5764
3732
5865
12937
13242
267
6399
6728
7826
3712
712
22296
207
1204
20150
19936
6784
792
290
17350
3416
3599
20555
1086
12881
17181
6041
3359
1094
1230
21178
20298
1605
22498
1225
4149
5528
719
1671
3704
12000
19752
17236
22471
1125
20551
1022
22158
12314
1193
2910
3678
5375
3180
1546
5031
20982
3587
1177
6346
3198
22400
7623
8499
1236
3760
16954
457
3549
12779
11012
976
6031
15526
6159
473
1542
3775
3479
5794
89
3536
20076
20993
22347
1678
4519
17110
17618
21138
3788
519
20794
586
17098
7271
842
3541
20977
176
5552
5964
4079
20366
4180
4907
11747
735
20695
7936
1517
529
4042
12886
13065
5048
1205
20066
689
14759
7515
5632
4397
7529
1516
13487
21257
3598
1130
12952
11417
19922
11464
1649
6021
1588
19749
7124
3122
896
3159
6690
590
8444
12340
582
13156
13160
5705
12137
13391
22226
12633
999
17318
967
7365
11034
13119
11513
3083
16755
5686
5920
12500
22629
22888
898
1418
7631
12626
323
3356
6116
6110
6127
11748
1000
19666
7008
3248
11659
5582
11942
5874
926
3519
10346
7200
632
6007
17214
7193
20085
5325
619
836
5915
3906
21240
6423
7713
703
696
19899
3178
763
4560
1561
6734
11932
3466
20787
755
15707
5071
19987
3611
6524
13568
3975
3394
499
19658
21061
1306
12947
5875
5756
14873
513
6123
4046
20556
198
20078
20950
6577
302
252
5948
6424
5961
1491
1563
1242
3699
5719
11334
5003
6475
12927
873
17716
5311
4735
5870
5329
13104
9573
11658
3338
17265
4543
549
1681
3136
12544
12815
13049
17571
20124
17089
3419
7134
10886
5694
1509
6177
5612
6457
12750
17065
5852
17671
6808
384
22420
4143
17654
340
7155
22112
670
1095
17831
541
3190
6059
214
432
3161
12272
3145
6186
17038
1345
3530
4489
6176
19631
10084
12301
21298
5654
3769
10756
19751
20624
3588
17251
7187
6174
22509
7696
21014
3392
6545
21031
20561
3334
7152
5488
13513
17628
5497
3532
479
17361
7188
10294
17117
6173
404
3548
6788
12224
4581
884
447
21243
10881
1241
19702
20398
20834
6769
5281
20137
5864
1113
3358
685
6038
12922
3237
12131
4066
5698
1051
17070
13907
20924
11935
7206
17384
12728
4914
6732
1037
20337
9227
11905
19378
346
305
5146
758
21040
17620
1065
7595
3103
1636
822
22519
20032
21001
7627
20299
12714
12135
6739
17452
833
1325
3743
13404
283
13421
3207
17222
12599
5610
3731
5431
948
7746
3070
14240
6756
12100
20058
6799
5664
475
1064
20983
6761
20668
12967
12063
481
21246
15256
1724
3911
11662
5688
9315
10887
7738
6035
12490
12812
715
910
6635
20792
11808
12394
19725
20286
11780
4086
823
17097
17323
15635
17345
6162
3708
7121
7160
4177
17101
20394
620
5992
3683
6747
17121
20951
20499
1173
1257
22803
306
3308
6195
3221
5521
14663
1006
6105
13166
797
5044
328
17177
20452
12304
13203
1599
3709
3958
22148
20779
13431
621
17539
21085
830
487
133
4933
1105
3348
4934
195
20472
5979
540
12014
886
19569
5047
17376
7184
5078
1076
6419
3734
14337
20291
1524
11419
415
3340
20425
5661
259
13584
6714
17692
7125
1018
317
3742
598
12190
182
22459
7131
6527
20712
16605
1059
5963
6512
3355
6626
7586
411
15518
19915
555
3495
3333
20328
7526
7495
12124
20953
20791
13172
20498
2325
6132
6363
5541
6023
5967
19909
756
909
8888
4577
17437
21000
6627
20059
6836
5869
19607
321
2997
20621
12106
12616
3107
2553
3093
3223
20579
4392
686
12932
1683
20482
7412
11757
2512
13214
7681
8961
12946
20242
3515
12006
19577
19910
360
4090
3268
6018
17679
22494
2981
19996
1208
12194
21110
1396
12012
3360
7181
4725
901
20411
1021
3837
3072
3389
3328
6772
13335
17381
5840
12398
6539
21063
11325
1012
3382
11832
1097
3071
1089
17249
17375
566
3869
17294
7163
6172
11302
1215
7967
20018
3593
19912
3474
5633
341
11653
17296
12158
22727
3413
203
167
1484
4490
771
4088
17067
4372
3486
6758
20522
20682
22477
5944
828
265
4157
11001
19745
7241
20306
171
4292
6231
7587
6787
20973
6773
12406
21266
409
13355
13540
20706
7519
22681
3304
1057
2713
6393
760
3573
1174
14678
4986
3234
1166
21301
450
6077
12009
20020
5893
6208
3791
7111
975
3266
19849
6795
14886
1098
6740
17710
4941
17547
5394
10888
3700
342
181
6897
12926
6163
204
3568
17396
21025
8713
13341
20968
1188
3346
3522
17048
6221
14254
16402
17385
20416
856
7119
19571
5327
12068
3646
3321
383
6075
19818
770
3175
3297
17239
20955
6203
5515
1145
6205
3096
5914
7034
7299
7407
19864
5597
500
1147
8187
5330
4818
5540
3408
6742
19995
20196
645
403
17234
4919
4537
276
3718
5401
21193
22310
19857
563
3132
6402
3157
21003
20266
11815
869
998
3077
1642
4968
701
20984
20525
3267
13394
4965
4294
11883
19949
7723
20170
16415
22122
682
5247
12970
748
5319
1738
837
17541
3686
17448
12195
525
6150
5231
3182
17069
16812
21018
17232
5538
13149
17040
4070
5643
11008
1610
4624
12386
17578
1048
22207
3795
1112
12693
5622
6200
1687
12894
944
7240
6101
11801
1307
1235
1643
12680
5032
10866
12297
5984
12737
1675
6691
12319
754
733
5326
3200
20683
20577
22429
19829
7418
17175
20038
717
21245
1024
22587
3489
7745
3381
568
21024
759
19683
3109
261
6777
826
1621
6738
5867
381
358
330
21238
22285
821
4931
5990
137
12043
12752
6343
12915
4163
13407
21066
7203
5388
5041
12182
3785
17319
6103
7146
21242
22381
5959
5498
12030
2842
244
3681
3538
3571
17703
3501
5850
13416
864
5974
21037
12751
20778
5503
3456
17573
13557
20699
640
3127
1720
3144
7648
12789
20077
4125
646
6008
13041
17180
5568
19937
3423
20343
13495
5936
17409
7489
19993
1573
1705
20963
574
22236
20359
4022
15937
22284
569
19778
266
10885
20552
6659
5502
17371
11099
21017
5025
17348
11731
17436
4692
1213
6020
13604
13272
3540
6778
3687
4908
1506
3428
4223
17653
20771
20958
22199
1128
3276
943
16796
7528
20205
6741
8831
11567
17042
20036
10765
209
10218
17714
7264
7105
12162
7707
1016
6922
15980
9962
4472
3583
7000
11920
164
4147
17163
20417
132
6099
3243
449
1002
5616
12609
5396
5857
5887
3265
222
996
17122
3693
2058
21288
827
6147
382
4154
17297
6097
6133
20979
7597
3762
12861
22287
17273
17713
13729
1543
19761
20634
349
3301
19791
908
469
12856
3220
516
3154
7244
7344
20047
21076
17516
11382
17330
6394
20947
20231
14748
3307
1093
3716
10311
20789
3508
17238
8851
3908
8980
13333
6730
22168
13251
22376
291
19886
3500
816
17036
3233
116
17258
1570
6010
7435
13698
20159
642
1107
3963
1041
344
10967
807
2513
5954
10903
11064
4639
20383
1084
11660
12934
937
8108
776
4403
11023
21010
21188
885
3717
10976
21108
262
3097
6033
13346
3137
20976
11021
3098
12624
20535
1722
9569
679
5854
4475
17167
3947
9793
12778
1848
5882
20247
1721
5018
21185
854
304
19918
20236
7708
14631
20160
19613
20673
12910
22147
1487
251
1136
824
6045
13713
20704
20911
245
7202
20287
662
11654
4072
12765
22687
3692
11042
7162
5988
483
12961
3579
557
6161
4172
7132
21019
17245
4738
21043
21060
17190
5655
13045
17341
3075
9761
11716
6520
10985
19776
997
5529
12938
7143
254
21285
11656
19832
22295
6061
17221
3968
11261
19834
831
5603
4166
1234
4711
12288
5645
17182
4935
20378
11455
6153
16981
20267
787
1249
17233
5600
20978
17363
1186
13393
22022
5918
297
3370
3302
274
11746
636
131
19634
931
1619
643
20488
17351
6794
3131
3533
5002
21111
17527
15754
5662
981
12107
5039
12179
13533
441
942
857
12588
14221
3618
3288
6727
19893
6648
7040
3208
1521
6973
13215
19839
6212
12899
953
4454
269
22350
12474
5585
3523
15428
12933
16451
7023
3106
17091
4906
6855
7234
6046
762
357
6002
3472
6988
14376
6149
12805
5930
3364
369
247
242
3365
3426
12698
6508
482
897
8164
12219
13534
153
20443
3543
1326
11229
20788
5034
5997
17694
3818
3509
4559
21135
22170
17411
6538
4940
952
6491
1142
6500
94
3755
3404
11834
12903
4144
732
412
19632
840
7189
2608
1740
3347
3497
11309
852
12729
5879
17100
1652
5866
4065
19719
435
1192
20467
3140
19677
374
8069
12931
21262
6827
3714
6115
22114
17565
699
775
3082
17157
7122
3241
6151
5051
3770
4304
4436
1646
6656
6181
6126
22113
3434
5872
20666
20952
1693
1106
815
3204
20177
6337
10968
3295
665
14331
5134
535
6428
17228
3520
20157
6781
20199
337
5754
15750
22569
13056
5975
3214
676
1606
11891
20264
12200
5020
5215
13382
17259
4544
11760
4437
3698
3776
3216
20998
22490
3043
5929
211
19946
5851
7498
5644
7624
4534
20708
21093
17289
4126
5884
20548
366
3350
12109
490
567
119
1592
3397
1515
3332
5853
12339
20970
534
22416
5642
22322
22129
6909
1154
7754
798
12768
21105
3287
5987
6185
1214
5620
7622
9298
12479
548
1637
4182
6776
5012
16346
13387
781
1526
3290
7331
522
4061
6122
13466
17605
22025
21826
7520
3305
964
3697
1638
75
4595
17075
20158
22264
348
4155
13486
932
5516
21269
22516
5517
5804
5046
13599
19963
14432
617
961
21088
4265
595
5742
243
866
6128
20340
6780
7116
13371
5971
17183
22380
17227
6697
21770
3567
5598
578
20986
5364
1252
5399
17139
7406
19794
648
17545
12172
5998
7766
1079
1135
5941
3173
8531
678
3613
6072
4564
825
7561
618
13569
19878
4496
6178
422
5077
20501
474
3236
12543
12660
3691
7588
3789
12940
16192
1584
4578
6453
5495
4957
5858
17050
3723
8238
5922
870
6480
3130
20164
20694
4082
3138
314
268
12111
11376
253
6754
1111
13515
3480
17242
5391
21657
21870
955
3701
5579
148
11312
4404
3581
19939
5564
1560
3600
3810
860
3141
20502
3164
5546
1050
3133
5829
22411
22134
11326
7472
972
1033
3255
7383
12477
3256
3521
22286
5496
5860
20003
7640
4542
3269
8163
936
1085
12024
7532
11936
4927
603
7032
1535
11741
4078
20477
1562
20600
3246
3544
3202
6759
6797
3317
3261
21801
21648
882
22345
13542
7507
558
4128
4054
6764
19760
21584
779
1004
3713
1430
12601
3368
5291
7195
7256
8974
20711
6757
5245
3230
13577
7123
3384
6774
10762
3602
4951
7110
6537
22085
968
6005
1596
6197
8859
4098
6744
20166
5037
7527
5982
12598
20506
5015
11411
1045
439
5937
1153
862
9093
11286
3561
4995
6044
4529
6302
11255
22059
3745
757
1347
22418
5712
20930
7194
1708
4994
4866
12350
452
462
1237
22164
1485
20602
1660
1427
3512
6967
17315
20341
725
21920
7698
20339
3040
15092
264
19822
11361
20121
4942
12334
6345
12742
333
868
3303
4969
4063
11317
17413
4368
22208
3186
20336
12257
17213
6096
6263
470
13641
982
17611
17607
1633
855
3585
17398
4168
6770
12520
1614
6793
7709
6460
1604
791
596
6837
3354
17704
19633
17621
12027
4938
5294
1639
4748
6344
5501
12517
7268
20317
22473
21033
5846
1176
3829
20966
19708
315
716
3427
22417
22478
3258
21169
16259
547
4950
20092
5513
5317
12732
6183
16058
17440
4998
4146
17103
6091
7585
4592
20373
10890
3264
12939
1129
13612
154
6111
1081
1202
22507
21032
1624
5035
1201
5525
3420
5611
6816
7364
845
13613
11724
17425
20504
1622
532
5640
4727
255
4393
19898
390
8435
3320
1608
6286
4944
20638
19800
352
6733
6944
21275
20402
277
489
19574
20487
21012
832
2669
3451
95
751
17109
6065
17310
1735
1328
12186
20344
7242
11861
19437
788
3315
5894
6706
22145
688
12713
594
11574
15899
4383
853
6865
20063
521
5843
5328
12679
12844
637
20991
20035
3765
20071
6997
3187
17387
19916
1412
783
12220
6860
9330
17241
6167
4993
6145
536
726
669
1131
20550
20990
921
6108
12918
3386
5016
12537
3087
800
21219
17127
5950
583
3754
887
6533
5072
6768
3210
21747
608
3421
13535
3528
20974
5980
21868
3218
6290
1514
3357
12843
867
6682
4100
1038
20959
20945
129
713
20985
5179
3311
4365
12877
13401
1530
3309
1116
19888
6009
1020
647
956
5995
7145
9248
11814
20250
11947
362
20033
17642
6157
15151
3790
963
1623
3367
12108
363
3092
5993
5703
631
5576
20732
6350
303
698
20349
639
1545
12570
5624
6000
671
13741
3231
217
20897
1296
9654
1613
3505
20335
436
6737
7493
6775
1126
1441
4478
6534
13504
1578
5043
6085
20916
4133
13514
801
4184
21055
12254
19962
739
1017
577
1540
15304
14793
3675
973
19861
12086
440
4069
11711
21234
1077
11758
784
20214
601
373
11704
20590
20961
3323
1158
3281
846
3761
5537
22032
4924
12731
12744
790
22495
4190
13510
5575
19611
14946
10396
13030
12661
7144
19938
22159
11837
20697
3439
5822
8643
3433
12690
734
6144
1327
641
22269
13607
14815
19901
6201
12523
13617
3286
5957
21241
11000
15923
17604
20152
5635
5859
1091
7262
7454
7742
10892
11652
20686
3641
4020
10420
6401
3228
20786
17325
7258
3493
7039
10879
729
1680
4092
16420
744
12586
20674
4903
11433
17094
3084
3470
19662
1007
2371
20432
3179
7300
17718
13158
3108
1245
5532
3117
6454
4081
495
1553
4435
11862
7161
6284
6839
517
1565
12115
250
22647
3597
21277
835
6581
3752
6288
20507
11949
5559
249
5008
5052
5844
7362
5615
1406
1101
12734
12569
416
3628
17606
12389
11781
19911
17171
3280
526
693
503
17072
20884
894
4032
524
4566
11726
4945
5631
581
12004
5873
22211
3396
4150
13390
13470
3627
9633
6501
20377
6614
6952
5943
11836
4220
20648
1096
17107
5510
13608
17412
22485
2849
3443
1170
6858
15414
995
12976
5738
3088
6255
12710
918
109
230
11501
3707
12392
3152
9600
16706
21021
12501
1069
7118
20765
7089
5036
7103
1612
256
17303
19686
17262
93
5001
6970
7534
20654
12191
17160
17250
6735
17616
12739
1066
5630
6143
3383
3174
21143
1719
13602
12021
17322
3663
11900
7190
12469
6458
6745
22163
20793
5617
385
12416
21214
20106
3632
3667
17538
4266
7457
883
584
3129
7363
20687
7715
5172
7533
418
320
6767
12512
20029
917
5744
3672
20965
3111
334
81
811
1027
19902
7677
6765
1013
1019
7697
17195
1124
1644
12273
3371
20096
3274
829
5646
17660
11657
851
2551
120
5989
10863
11153
1728
1035
17389
3485
12032
20637
10877
3630
11279
3406
3094
3482
4152
3563
4527
17063
246
3488
260
20346
4869
6098
22777
13555
19780
551
296
19813
12077
1696
12347
12971
410
21020
5972
12002
3666
162
3263
3674
22436
17293
17523
7596
7127
12253
12913
5315
19795
5400
21007
21974
820
20987
5523
3405
192
4419
3580
1228
6993
5505
7139
7817
17612
20461
7115
5113
141
496
12759
16225
20396
3574
3372
12251
7290
17596
13044
3764
890
1532
7710
1411
7158
5180
15825
7243
3455
635
6130
19977
21071
4575
20829
3209
5927
12920
6084
841
6062
13271
13494
22177
17074
6998
6722
19838
1544
225
5392
1139
19782
700
5800
21304
4911
664
7621
1185
1572
3727
1052
20560
4017
477
5881
19160
17129
7450
3235
10796
5999
5407
9571
19754
796
7239
4290
740
22371
11566
1598
3095
13573
1210
20557
20463
17657
1694
20191
20098
546
12539
20781
3162
5493
20040
1684
3387
353
723
6387
3440
20230
4999
2066
6051
20847
11374
5063
20201
7199
3424
5839
185
3081
12719
20988
17397
21072
17212
17170
3484
5868
1580
633
12848
12726
5904
21026
19921
12722
7130
21134
22699
6136
17482
231
19913
6469
11053
966
4943
12102
1195
20165
12199
11020
20553
20338
17622
7592
979
22503
17693
20204
10341
3168
5981
1677
11948
12221
5811
1688
11091
7625
10977
13619
12153
3608
4167
19862
21177
19906
6106
4912
3616
17169
6073
480
22065
3120
19789
22404
871
6104
22778
5522
12703
2668
20072
11708
6649
12735
5060
