0 18
1 3
2 16
3 17
4 4
5 6
6 16
7 2
8 12
9 11
10 13
11 23
12 19
13 8
14 23
15 3
16 18
17 12
18 15
19 4
20 18
21 20
22 2
23 21
24 21
25 11
26 4
27 22
28 10
29 25
30 11
31 3
32 17
33 10
34 4
35 17
36 14
37 20
38 20
39 2
40 24
41 23
42 25
43 7
44 17
45 9
46 6
47 20
48 15
49 24
50 10
51 2
52 21
53 8
54 14
55 17
56 4
57 3
58 5
59 15
60 9
61 7
62 14
63 20
64 9
65 8
66 17
67 25
68 15
69 6
70 15
71 11
72 25
73 9
74 18
75 9
76 8
77 11
78 22
79 6
80 6
81 20
82 22
83 14
84 1
85 4
86 15
87 6
88 8
89 13
90 3
91 13
92 24
93 18
94 8
95 1
96 15
97 15
98 6
99 5
100 12
101 13
102 15
103 19
104 24
105 25
106 16
107 5
108 19
109 18
110 1
111 17
112 15
113 17
114 5
115 20
116 20
117 6
118 3
119 3
120 15
121 5
122 23
123 4
124 24
125 21
126 12
127 6
128 2
129 23
130 3
131 16
132 24
133 3
134 6
135 12
136 11
137 5
138 2
139 4
140 1
141 12
142 4
143 25
144 25
145 6
146 18
147 12
148 6
149 16
150 12
151 10
152 4
153 12
154 21
155 9
156 14
157 5
158 1
159 1
160 21
161 9
162 22
163 8
164 15
165 20
166 9
167 7
168 3
169 22
170 21
171 15
172 5
173 17
174 9
175 2
176 21
177 11
178 19
179 25
180 10
181 4
182 2
183 7
184 25
185 22
186 22
187 18
188 22
189 7
190 11
191 20
192 7
193 17
194 23
195 22
196 18
197 10
198 3
199 9
200 18
201 13
202 24
203 8
204 12
205 11
206 13
207 17
208 23
209 2
210 6
211 17
212 24
213 2
214 23
215 18
216 23
217 4
218 17
219 23
220 11
221 23
222 9
223 3
224 18
225 12
226 5
227 10
228 17
229 10
230 15
231 7
232 16
233 19
234 8
235 7
236 11
237 6
238 11
239 6
240 22
241 21
242 13
243 21
244 15
245 1
246 9
247 18
248 7
249 1
250 14
251 21
252 3
253 24
254 5
255 15
256 7
257 25
258 14
259 23
260 18
261 20
262 23
263 24
264 22
265 20
266 25
267 15
268 3
269 5
270 1
271 23
272 3
273 15
274 9
275 9
276 4
277 25
278 2
279 13
280 11
281 18
282 14
283 19
284 16
285 15
286 11
287 11
288 22
289 4
290 23
291 11
292 5
293 12
294 16
295 19
296 8
297 16
298 6
299 11
300 2
301 9
302 17
303 11
304 3
305 22
306 21
307 2
308 20
309 12
310 23
311 24
312 8
313 23
314 12
315 7
316 2
317 18
318 15
319 21
320 5
321 16
322 16
323 6
324 17
325 8
326 12
327 17
328 8
329 12
330 22
331 23
332 3
333 2
334 10
335 9
336 2
337 15
338 21
339 19
340 14
341 11
342 9
343 3
344 13
345 23
346 22
347 2
348 24
349 25
350 9
351 10
352 19
353 18
354 12
355 15
356 4
357 12
358 24
359 18
360 7
361 21
362 17
363 8
364 18
365 20
366 25
367 1
368 4
369 7
370 12
371 23
372 6
373 17
374 6
375 23
376 20
377 4
378 2
379 6
380 25
381 1
382 19
383 11
384 9
385 5
386 5
387 8
388 16
389 17
390 24
391 3
392 24
393 14
394 5
395 18
396 12
397 20
398 15
399 4
400 7
401 4
402 22
403 10
404 23
405 22
406 22
407 5
408 22
409 19
410 4
411 25
412 7
413 5
414 12
415 21
416 19
417 18
418 11
419 7
420 22
421 19
422 25
423 15
424 24
425 22
426 7
427 3
428 15
429 25
430 17
431 8
432 14
433 4
434 22
435 22
436 7
437 25
438 23
439 7
440 18
441 20
442 8
443 6
444 18
445 14
446 6
447 21
448 3
449 16
450 4
451 22
452 2
453 3
454 5
455 23
456 1
457 8
458 7
459 25
460 5
461 12
462 22
463 24
464 5
465 9
466 13
467 3
468 8
469 24
470 4
471 13
472 2
473 10
474 8
475 13
476 18
477 15
478 11
479 14
480 4
481 3
482 19
483 24
484 25
485 7
486 19
487 8
488 24
489 10
490 22
491 15
492 3
493 16
494 22
495 11
496 8
497 12
498 25
499 2
500 24
501 18
502 19
503 13
504 5
505 22
506 15
507 12
508 23
509 13
510 13
511 8
512 25
513 23
514 13
515 12
516 15
517 24
518 13
519 24
520 4
521 11
522 16
523 2
524 6
525 10
526 4
527 2
528 18
529 10
530 5
531 19
532 8
533 6
534 15
535 14
536 13
537 19
538 6
539 19
540 14
541 17
542 11
543 10
544 5
545 21
546 18
547 7
548 5
549 14
550 22
551 2
552 19
553 1
554 1
555 16
556 25
557 10
558 7
559 7
560 16
561 14
562 15
563 24
564 13
565 4
566 25
567 21
568 4
569 18
570 15
571 14
572 12
573 16
574 16
575 21
576 10
577 13
578 1
579 12
580 19
581 3
582 20
583 2
584 8
585 20
586 24
587 13
588 10
589 15
590 19
591 17
592 11
593 24
594 3
595 18
596 4
597 15
598 5
599 4
600 13
601 24
602 14
603 3
604 10
605 8
606 19
607 8
608 21
609 7
610 14
611 21
612 6
613 3
614 22
615 14
616 8
617 22
618 25
619 6
620 2
621 13
622 24
623 25
624 21
625 12
626 4
627 25
628 9
629 11
630 4
631 12
632 24
633 21
634 16
635 16
636 24
637 21
638 3
639 18
640 4
641 20
642 6
643 10
644 23
645 4
646 20
647 22
648 3
649 10
650 14
651 16
652 12
653 9
654 5
655 10
656 9
657 22
658 1
659 4
660 1
661 14
662 23
663 17
664 14
665 20
666 23
667 5
668 1
669 3
670 16
671 9
672 11
673 17
674 23
675 25
676 3
677 17
678 22
679 10
680 1
681 23
682 7
683 23
684 12
685 10
686 6
687 6
688 25
689 12
690 3
691 3
692 25
693 15
694 16
695 1
696 10
697 9
698 8
699 1
700 9
701 25
702 3
703 8
704 10
705 10
706 8
707 12
708 1
709 4
710 25
711 8
712 17
713 6
714 6
715 21
716 15
717 15
718 11
719 22
720 24
721 1
722 22
723 11
724 9
725 20
726 4
727 6
728 18
729 4
730 5
731 12
732 6
733 17
734 22
735 17
736 18
737 24
738 19
739 23
740 24
741 22
742 15
743 14
744 25
745 9
746 14
747 23
748 17
749 4
750 7
751 11
752 16
753 12
754 18
755 23
756 24
757 5
758 25
759 20
760 19
761 3
762 12
763 6
764 5
765 15
766 8
767 22
768 7
769 19
770 5
771 10
772 24
773 22
774 21
775 16
776 25
777 25
778 16
779 13
780 9
781 2
782 16
783 7
784 18
785 20
786 2
787 2
788 15
789 5
790 7
791 3
792 16
793 11
794 19
795 12
796 23
797 10
798 5
799 25
800 19
801 21
802 19
803 10
804 19
805 12
806 11
807 12
808 1
809 2
810 24
811 8
812 8
813 13
814 3
815 21
816 15
817 22
818 6
819 25
820 11
821 18
822 9
823 15
824 8
825 18
826 6
827 3
828 23
829 12
830 22
831 24
832 8
833 15
834 10
835 2
836 8
837 23
838 3
839 8
840 18
841 14
842 20
843 20
844 22
845 18
846 1
847 5
848 12
849 5
850 24
851 5
852 2
853 21
854 25
855 7
856 3
857 14
858 19
859 8
860 22
861 19
862 8
863 3
864 23
865 20
866 19
867 2
868 2
869 12
870 11
871 7
872 3
873 22
874 6
875 14
876 8
877 16
878 12
879 25
880 13
881 14
882 6
883 3
884 9
885 8
886 3
887 1
888 5
889 19
890 20
891 2
892 22
893 15
894 11
895 25
896 17
897 21
898 24
899 1
900 18
901 20
902 25
903 24
904 15
905 10
906 20
907 11
908 9
909 6
910 12
911 8
912 12
913 13
914 12
915 1
916 1
917 5
918 1
919 14
920 3
921 19
922 3
923 17
924 17
925 22
926 11
927 8
928 2
929 24
930 3
931 14
932 21
933 7
934 25
935 5
936 18
937 21
938 14
939 14
940 15
941 4
942 17
943 17
944 13
945 5
946 4
947 9
948 12
949 16
950 23
951 21
952 2
953 12
954 22
955 24
956 10
957 10
958 24
959 25
960 21
961 19
962 8
963 1
964 6
965 11
966 22
967 6
968 5
969 13
970 5
971 23
972 25
973 1
974 11
975 24
976 25
977 6
978 2
979 13
980 13
981 7
982 14
983 21
984 3
985 17
986 24
987 5
988 4
989 4
990 9
991 11
992 24
993 19
994 25
995 11
996 23
997 24
998 10
999 8
1000 7
1001 2
1002 4
1003 15
1004 18
1005 14
1006 2
1007 19
1008 8
1009 12
1010 20
1011 8
1012 12
1013 16
1014 13
1015 16
1016 7
1017 11
1018 22
1019 18
1020 15
1021 21
1022 11
1023 13
1024 7
1025 21
1026 11
1027 2
1028 23
1029 10
1030 9
1031 5
1032 21
1033 24
1034 24
1035 6
1036 15
1037 2
1038 11
1039 16
1040 17
1041 18
1042 24
1043 25
1044 24
1045 13
1046 22
1047 6
1048 16
1049 24
1050 18
1051 25
1052 20
1053 16
1054 10
1055 19
1056 14
1057 19
1058 12
1059 24
1060 25
1061 4
1062 23
1063 22
1064 12
1065 8
1066 15
1067 7
1068 10
1069 20
1070 1
1071 23
1072 7
1073 4
1074 18
1075 2
1076 22
1077 20
1078 1
1079 7
1080 1
1081 14
1082 16
1083 9
1084 15
1085 8
1086 5
1087 1
1088 8
1089 23
1090 21
1091 9
1092 9
1093 16
1094 6
1095 24
1096 11
1097 22
1098 22
1099 13
1100 2
1101 25
1102 13
1103 24
1104 3
1105 18
1106 24
1107 22
1108 7
1109 18
1110 6
1111 1
1112 22
1113 25
1114 9
1115 3
1116 4
1117 14
1118 11
1119 22
1120 13
1121 1
1122 11
1123 22
1124 18
1125 16
1126 24
1127 17
1128 24
1129 10
1130 12
1131 11
1132 1
1133 3
1134 20
1135 19
1136 9
1137 2
1138 2
1139 22
1140 24
1141 19
1142 4
1143 15
1144 18
1145 6
1146 24
1147 25
1148 16
1149 3
1150 17
1151 15
1152 12
1153 6
1154 24
1155 1
1156 12
1157 22
1158 13
1159 16
1160 1
1161 6
1162 22
1163 20
1164 8
1165 13
1166 11
1167 20
1168 1
1169 20
1170 19
1171 1
1172 25
1173 20
1174 17
1175 7
1176 24
1177 3
1178 2
1179 24
1180 11
1181 1
1182 15
1183 1
1184 21
1185 3
1186 24
1187 7
1188 12
1189 20
1190 15
1191 12
1192 2
1193 14
1194 11
1195 24
1196 3
1197 1
1198 14
1199 16
1200 22
1201 24
1202 8
1203 19
1204 9
1205 10
1206 11
1207 10
1208 15
1209 24
1210 21
1211 12
1212 12
1213 18
1214 6
1215 25
1216 4
1217 16
1218 24
1219 3
1220 20
1221 21
1222 18
1223 15
1224 10
1225 23
1226 10
1227 23
1228 12
1229 13
1230 9
1231 4
1232 11
1233 16
1234 23
1235 3
1236 23
1237 24
1238 12
1239 21
1240 21
1241 22
1242 14
1243 1
1244 5
1245 25
1246 13
1247 23
1248 4
1249 6
1250 15
1251 1
1252 25
1253 2
1254 17
1255 12
1256 8
1257 23
1258 2
1259 19
1260 5
1261 23
1262 11
1263 7
1264 3
1265 9
1266 4
1267 24
1268 12
1269 22
1270 16
1271 25
1272 6
1273 4
1274 7
1275 9
1276 22
1277 14
1278 12
1279 21
1280 8
1281 20
1282 17
1283 5
1284 10
1285 3
1286 15
1287 14
1288 10
1289 7
1290 6
1291 21
1292 3
1293 22
1294 21
1295 15
1296 23
1297 5
1298 18
1299 11
1300 2
1301 12
1302 24
1303 10
1304 10
1305 15
1306 17
1307 22
1308 7
1309 15
1310 17
1311 16
1312 18
1313 4
1314 22
1315 5
1316 8
1317 22
1318 7
1319 1
1320 15
1321 12
1322 7
1323 10
1324 3
1325 17
1326 14
1327 3
1328 17
1329 24
1330 18
1331 21
1332 19
1333 1
1334 9
1335 23
1336 11
1337 1
1338 4
1339 17
1340 10
1341 2
1342 13
1343 14
1344 14
1345 18
1346 23
1347 24
1348 24
1349 3
1350 18
1351 7
1352 6
1353 20
1354 10
1355 18
1356 5
1357 17
1358 10
1359 6
1360 9
1361 15
1362 14
1363 4
1364 24
1365 5
1366 1
1367 6
1368 22
1369 21
1370 6
1371 24
1372 10
1373 19
1374 16
1375 24
1376 9
1377 3
1378 23
1379 21
1380 14
1381 12
1382 9
1383 17
1384 9
1385 9
1386 23
1387 9
1388 12
1389 12
1390 12
1391 19
1392 2
1393 1
1394 3
1395 5
1396 23
1397 20
1398 19
1399 22
1400 14
1401 20
1402 22
1403 10
1404 21
1405 21
1406 8
1407 10
1408 18
1409 23
1410 19
1411 25
1412 1
1413 5
1414 21
1415 14
1416 19
1417 14
1418 3
1419 5
1420 12
1421 7
1422 25
1423 4
1424 12
1425 11
1426 19
1427 6
1428 10
1429 8
1430 5
1431 23
1432 18
1433 20
1434 15
1435 12
1436 15
1437 13
1438 13
1439 23
1440 8
1441 1
1442 19
1443 15
1444 8
1445 16
1446 23
1447 6
1448 19
1449 19
1450 19
1451 2
1452 4
1453 25
1454 11
1455 12
1456 6
1457 6
1458 9
1459 11
1460 4
1461 12
1462 23
1463 14
1464 21
1465 14
1466 11
1467 6
1468 19
1469 20
1470 21
1471 4
1472 17
1473 4
1474 18
1475 17
1476 14
1477 18
1478 12
1479 9
1480 17
1481 17
1482 4
1483 18
1484 23
1485 6
1486 15
1487 21
1488 23
1489 22
1490 4
1491 10
1492 15
1493 5
1494 10
1495 22
1496 12
1497 18
1498 7
1499 17
1500 3
1501 23
1502 10
1503 23
1504 20
1505 4
1506 11
1507 21
1508 15
1509 20
1510 24
1511 9
1512 1
1513 5
1514 1
1515 10
1516 22
1517 16
1518 5
1519 25
1520 2
1521 7
1522 17
1523 6
1524 9
1525 18
1526 10
1527 15
1528 14
1529 12
1530 25
1531 17
1532 9
1533 10
1534 16
1535 3
1536 20
1537 7
1538 3
1539 2
1540 22
1541 18
1542 6
1543 10
1544 17
1545 13
1546 17
1547 7
1548 20
1549 3
1550 14
1551 16
1552 1
1553 10
1554 20
1555 25
1556 11
1557 21
1558 7
1559 5
1560 25
1561 2
1562 9
1563 20
1564 22
1565 3
1566 1
1567 8
1568 8
1569 12
1570 19
1571 19
1572 23
1573 7
1574 20
1575 20
1576 11
1577 1
1578 2
1579 25
1580 10
1581 22
1582 5
1583 11
1584 12
1585 2
1586 14
1587 19
1588 23
