138
1070
367
1451
846
1137
1566
1155
928
827
1300
1087
456
648
872
1349
158
708
1561
1585
133
1080
391
1412
307
1006
978
278
963
835
1138
1377
336
808
492
1192
245
1333
472
1341
39
551
1577
1258
333
973
110
140
270
1027
1520
175
159
1100
620
1552
838
7
452
680
95
915
1535
249
128
781
381
554
1111
863
1565
578
553
1078
918
213
300
268
699
51
90
899
347
930
1251
343
867
1578
852
378
467
332
695
1121
1549
1243
499
786
1253
603
916
84
1392
1183
887
1037
1319
182
1160
1075
1181
22
660
1539
952
702
1171
523
1514
787
1178
1197
638
1337
809
1168
668
1001
1366
1393
868
891
316
1132
721
1
583
1441
527
1512
658
676
209
